{
	"asset": {
		"generator": "VISUALIZEGLTF",
		"version" : "2.0"
	},
	"extensionsUsed": [ "KHR_lights_punctual","KHR_materials_pbrSpecularGlossiness","KHR_texture_transform" ],
	"scenes": [
		{
			"name": "Default",
			"nodes": [
				0]
		}
	],
	"nodes": [
		{
			"children": [
				1, 621, 622, 623, 624, 625, 626, 627, 628, 629
			]
			,"name": ""		}
,
		{
			"children": [
				2
			]
			,"matrix": [
				-4.371139E-08,					0,					-1,					0,
				0,					1,					0,					0,
				1,					0,					-4.371139E-08,					0,
				-0.3076819,					0.02252508,					0.1331246,					1
			]
			,"name": "full assembly - FINAL"		}
,
		{
			"children": [
				3, 5, 7, 9, 11, 13, 15, 17, 19, 21, 23, 25, 32, 39, 46, 53, 55, 59, 63, 67, 71, 75, 78, 81, 84, 87, 89, 91, 93, 95, 97, 99, 101, 103, 105, 107, 109, 111, 113, 115, 117, 119, 121, 123, 125, 127, 129, 131, 133, 135, 137, 139, 141, 143, 145, 147, 149, 151, 153, 155, 157, 159, 161, 163, 165, 167, 169, 171, 173, 175, 177, 179, 181, 183, 185, 187, 189, 191, 193, 195, 197, 199, 201, 203, 205, 207, 209, 211, 213, 215, 217, 219, 221, 223, 225, 227, 229, 231, 233, 235, 237, 239, 241, 243, 245, 247, 249, 251, 253, 255, 257, 259, 261, 263, 265, 267, 269, 271, 273, 275, 277, 279, 281, 283, 285, 287, 289, 291, 293, 295, 297, 299, 301, 303, 305, 307, 309, 311, 314, 317, 320, 323, 325, 327, 329, 331, 333, 335, 337, 339, 341, 343, 345, 347, 349, 351, 353, 355, 357, 359, 361, 363, 365, 367, 369, 371, 373, 375, 377, 379, 381, 383, 385, 387, 389, 391, 393, 395, 397, 399, 401, 403, 405, 407, 409, 411, 413, 415, 417, 419, 421, 423, 425, 427, 429, 431, 433, 435, 437, 439, 441, 443, 445, 447, 449, 451, 453, 455, 457, 459, 461, 463, 465, 467, 469, 471, 473, 475, 477, 479, 481, 483, 485, 487, 489, 491, 493, 495, 497, 499, 501, 503, 505, 507, 509, 511, 513, 515, 517, 519, 521, 523, 525, 527, 529, 531, 533, 535, 537, 539, 541, 544, 546, 548, 550, 553, 555, 558, 560, 563, 565, 568, 570, 572, 574, 576, 578, 580, 582, 584, 587, 590, 593, 596, 598, 600, 602, 604, 606, 608, 610, 612, 614, 616, 618, 619, 620
			]
			,"name": "Root"		}
,
		{
			"children": [
				4
			]
			,"matrix": [
				1,					4.802114E-30,					-2.876735E-17,					0,
				-2.876735E-17,					0,					-1,					0,
				-2.385072E-30,					1,					0,					0,
				0.09327348,					-0.003,					0.4121529,					1
			]
			,"name": "Chassis Base Plate-1"		}
,
		{
			"mesh": 0
			,"name": "polypropylene"		}
,
		{
			"children": [
				6
			]
			,"matrix": [
				1.346531E-17,					5.551115E-17,					1,					0,
				-1.633809E-16,					1,					-5.551115E-17,					0,
				-1,					-1.633809E-16,					1.346531E-17,					0,
				0.1412735,					0.02019951,					0.3502669,					1
			]
			,"name": "Motor Body Copy-1"		}
,
		{
			"mesh": 1
			,"name": "matte aluminum"		}
,
		{
			"children": [
				8
			]
			,"matrix": [
				6.691019E-18,					0.7898788,					0.613263,					0,
				-3.066816E-17,					-0.613263,					0.7898788,					0,
				1,					-2.409274E-17,					2.012077E-17,					0,
				0.1687735,					0.0136995,					0.3502669,					1
			]
			,"name": "Motor Shaft-1"		}
,
		{
			"mesh": 2
			,"name": "color"		}
,
		{
			"children": [
				10
			]
			,"matrix": [
				1,					3.861568E-16,					-1.147553E-15,					0,
				2.996727E-16,					-0.9972262,					-0.07443058,					0,
				-1.173112E-15,					0.07443058,					-0.9972262,					0,
				0.1762735,					0.0136995,					0.3502669,					1
			]
			,"name": "HPC___ZG0_8_68__C_WITH_GRUB_SCREW-1"		}
,
		{
			"mesh": 3
			,"name": "white low gloss plastic"		}
,
		{
			"children": [
				12
			]
			,"matrix": [
				-1,					1.543961E-16,					2.000481E-16,					0,
				1.268904E-16,					-0.3778032,					0.9258859,					0,
				2.18532E-16,					0.9258859,					0.3778032,					0,
				0.1822735,					0.011,					0.3821529,					1
			]
			,"name": "HPC___ZG0_8_12__C_ 6MM-1"		}
,
		{
			"mesh": 4
			,"name": "white low gloss plastic-2"		}
,
		{
			"children": [
				14
			]
			,"matrix": [
				1,					8.000781E-17,					-2.035364E-15,					0,
				-1.914742E-15,					0.3778032,					-0.9258859,					0,
				6.948887E-16,					0.9258859,					0.3778032,					0,
				0.1302735,					0.011,					0.3821529,					1
			]
			,"name": "HPC___ZG0_8_23__C_-1"		}
,
		{
			"mesh": 5
			,"name": "white low gloss plastic-3"		}
,
		{
			"children": [
				16
			]
			,"matrix": [
				-1,					5.064403E-17,					5.266876E-16,					0,
				5.291138E-16,					0.09913346,					0.9950742,					0,
				-1.817805E-18,					0.9950742,					-0.09913346,					0,
				0.1362735,					0.011,					0.3961529,					1
			]
			,"name": "HPC___ZG0_8_12__C_ 6MM-2"		}
,
		{
			"mesh": 6
			,"name": "white low gloss plastic-2[1]"		}
,
		{
			"children": [
				18
			]
			,"matrix": [
				4.283268E-18,					0,					-1,					0,
				2.623663E-16,					1,					1.123785E-33,					0,
				1,					-2.623663E-16,					4.283268E-18,					0,
				0.1572735,					-9.849788E-17,					0.3916529,					1
			]
			,"name": "bearing housing-6"		}
,
		{
			"mesh": 7
			,"name": "satin finish stainless steel"		}
,
		{
			"children": [
				20
			]
			,"matrix": [
				6.955101E-17,					5.551115E-17,					1,					0,
				-2.72167E-16,					1,					-5.551115E-17,					0,
				-1,					-2.72167E-16,					6.955101E-17,					0,
				0.1572735,					5.38623E-16,					0.3866529,					1
			]
			,"name": "bearing housing-7"		}
,
		{
			"mesh": 8
			,"name": "satin finish stainless steel[1]"		}
,
		{
			"children": [
				22
			]
			,"matrix": [
				-2.720674E-16,					1.110223E-16,					-1,					0,
				-4.364708E-16,					1,					1.110223E-16,					0,
				1,					4.364708E-16,					-2.720674E-16,					0,
				0.1142735,					1.34296E-16,					0.3916529,					1
			]
			,"name": "bearing housing flangeless-8"		}
,
		{
			"mesh": 9
			,"name": "satin finish stainless steel-2"		}
,
		{
			"children": [
				24
			]
			,"matrix": [
				2.923146E-16,					-8.326673E-17,					1,					0,
				-2.860945E-17,					1,					8.326673E-17,					0,
				-1,					-2.860945E-17,					2.923146E-16,					0,
				0.1142735,					1.277268E-16,					0.3866529,					1
			]
			,"name": "bearing housing-9"		}
,
		{
			"mesh": 10
			,"name": "satin finish stainless steel[2]"		}
,
		{
			"children": [
				26, 27, 28, 29, 30, 31
			]
			,"matrix": [
				-1.137883E-17,					-0.6432374,					-0.7656668,					0,
				-1.269322E-18,					-0.7656668,					0.6432374,					0,
				-1,					8.291169E-18,					7.895921E-18,					0,
				0.07827348,					0.011,					0.3961529,					1
			]
			,"name": "Wheel-1"		}
,
		{
			"mesh": 11
			,"name": "polished aluminum"		}
,
		{
			"mesh": 12
			,"name": "light grey medium gloss plastic"		}
,
		{
			"mesh": 13
			,"name": "polished plastic1"		}
,
		{
			"mesh": 14
			,"name": "tire tread"		}
,
		{
			"mesh": 15
			,"name": "tire tread-2"		}
,
		{
			"mesh": 16
			,"name": "matte aluminum-3"		}
,
		{
			"children": [
				33, 34, 35, 36, 37, 38
			]
			,"matrix": [
				-1.170042E-16,					-0.7807391,					0.6248571,					0,
				-5.669699E-16,					-0.6248571,					-0.7807391,					0,
				1,					-4.456249E-16,					-3.695446E-16,					0,
				0.1882735,					0.011,					0.3961529,					1
			]
			,"name": "Wheel-2"		}
,
		{
			"mesh": 17
			,"name": "polished aluminum[1]"		}
,
		{
			"mesh": 18
			,"name": "light grey medium gloss plastic[1]"		}
,
		{
			"mesh": 19
			,"name": "polished plastic1[1]"		}
,
		{
			"mesh": 20
			,"name": "tire tread[1]"		}
,
		{
			"mesh": 21
			,"name": "tire tread-2[1]"		}
,
		{
			"mesh": 22
			,"name": "matte aluminum-3[1]"		}
,
		{
			"children": [
				40, 41, 42, 43, 44, 45
			]
			,"matrix": [
				-1.116471E-16,					-0.9931015,					-0.1172579,					0,
				1.896866E-16,					0.1172579,					-0.9931015,					0,
				1,					-1.331192E-16,					1.752865E-16,					0,
				0.1882735,					0.011,					0.2181529,					1
			]
			,"name": "Wheel-3"		}
,
		{
			"mesh": 23
			,"name": "polished aluminum[2]"		}
,
		{
			"mesh": 24
			,"name": "light grey medium gloss plastic[2]"		}
,
		{
			"mesh": 25
			,"name": "polished plastic1[2]"		}
,
		{
			"mesh": 26
			,"name": "tire tread[2]"		}
,
		{
			"mesh": 27
			,"name": "tire tread-2[2]"		}
,
		{
			"mesh": 28
			,"name": "matte aluminum-3[2]"		}
,
		{
			"children": [
				47, 48, 49, 50, 51, 52
			]
			,"matrix": [
				2.380946E-16,					0.9969774,					0.07769229,					0,
				1.504611E-16,					0.07769229,					-0.9969774,					0,
				-1,					2.490646E-16,					-1.315082E-16,					0,
				0.07827348,					0.011,					0.2181529,					1
			]
			,"name": "Wheel-4"		}
,
		{
			"mesh": 29
			,"name": "polished aluminum[3]"		}
,
		{
			"mesh": 30
			,"name": "light grey medium gloss plastic[3]"		}
,
		{
			"mesh": 31
			,"name": "polished plastic1[3]"		}
,
		{
			"mesh": 32
			,"name": "tire tread[3]"		}
,
		{
			"mesh": 33
			,"name": "tire tread-2[3]"		}
,
		{
			"mesh": 34
			,"name": "matte aluminum-3[3]"		}
,
		{
			"children": [
				54
			]
			,"matrix": [
				5.371033E-30,					1,					-8.326673E-17,					0,
				5.268279E-17,					8.326673E-17,					1,					0,
				1,					-3.023177E-30,					-5.268279E-17,					0,
				0.1622735,					0.015,					0.2531528,					1
			]
			,"name": "Battery Holder-1"		}
,
		{
			"mesh": 35
			,"name": "white medium gloss plastic"		}
,
		{
			"children": [
				56, 57, 58
			]
			,"matrix": [
				-1.229587E-16,					-0.6059779,					-0.7954815,					0,
				1.23731E-16,					-0.7954815,					0.6059779,					0,
				-1,					-2.391544E-17,					1.727896E-16,					0,
				0.1582735,					0.022,					0.2606529,					1
			]
			,"name": "Battery-1"		}
,
		{
			"mesh": 36
			,"name": "matte aluminum-2"		}
,
		{
			"mesh": 37
			,"name": "polished aluminum-2"		}
,
		{
			"mesh": 38
			,"name": "color-2"		}
,
		{
			"children": [
				60, 61, 62
			]
			,"matrix": [
				-4.748483E-17,					-0.4331234,					-0.9013346,					0,
				-2.281815E-17,					0.9013346,					-0.4331234,					0,
				1,					-1.789728E-29,					-5.268279E-17,					0,
				0.1082735,					0.008,					0.2606529,					1
			]
			,"name": "Battery-2"		}
,
		{
			"mesh": 39
			,"name": "matte aluminum-2[1]"		}
,
		{
			"mesh": 40
			,"name": "polished aluminum-2[1]"		}
,
		{
			"mesh": 41
			,"name": "color-2[1]"		}
,
		{
			"children": [
				64, 65, 66
			]
			,"matrix": [
				-3.142429E-17,					0.8026271,					-0.596481,					0,
				-4.228464E-17,					-0.596481,					-0.8026271,					0,
				-1,					5.164574E-30,					5.268279E-17,					0,
				0.1577735,					0.008,					0.2456529,					1
			]
			,"name": "Battery-3"		}
,
		{
			"mesh": 42
			,"name": "matte aluminum-2[2]"		}
,
		{
			"mesh": 43
			,"name": "polished aluminum-2[2]"		}
,
		{
			"mesh": 44
			,"name": "color-2[2]"		}
,
		{
			"children": [
				68, 69, 70
			]
			,"matrix": [
				3.731018E-17,					0.7060075,					0.7082043,					0,
				3.719445E-17,					-0.7082043,					0.7060075,					0,
				1,					-1.790344E-29,					-5.268279E-17,					0,
				0.1082735,					0.022,					0.2456529,					1
			]
			,"name": "Battery-4"		}
,
		{
			"mesh": 45
			,"name": "matte aluminum-2[3]"		}
,
		{
			"mesh": 46
			,"name": "polished aluminum-2[3]"		}
,
		{
			"mesh": 47
			,"name": "color-2[3]"		}
,
		{
			"children": [
				72, 73, 74
			]
			,"matrix": [
				2.048808E-15,					-0.3778032,					0.9258859,					0,
				-6.065588E-17,					0.9258859,					0.3778032,					0,
				-1,					-8.302065E-16,					1.874046E-15,					0,
				0.1842735,					0.011,					0.3821529,					1
			]
			,"name": "Intermediate Shaft-2"		}
,
		{
			"mesh": 48
			,"name": "Default Material"		}
,
		{
			"mesh": 49
			,"name": "polished steel"		}
,
		{
			"mesh": 50
			,"name": "Cosmetic Thread"		}
,
		{
			"children": [
				76
			]
			,"matrix": [
				-2.720674E-16,					2.275957E-15,					-1,					0,
				-4.364708E-16,					1,					2.275957E-15,					0,
				1,					4.364708E-16,					-2.720674E-16,					0,
				0.1182735,					0.003,					0.3916529,					1
			]
			,"name": "Acrylic Shoulder Plate-1"		}
,
		{
			"children": [
				77
			]
			,"mesh": 52
			,"name": "Polycarbonate"		}
,
		{
			"mesh": 51
			,"name": "Polycarbonate_clonedChild"		}
,
		{
			"children": [
				79
			]
			,"matrix": [
				4.283268E-18,					2.664535E-15,					-1,					0,
				2.623663E-16,					1,					2.664535E-15,					0,
				1,					-2.623663E-16,					4.283268E-18,					0,
				0.1612735,					0.003,					0.3916529,					1
			]
			,"name": "Acrylic Shoulder Plate-2"		}
,
		{
			"children": [
				80
			]
			,"mesh": 54
			,"name": "Polycarbonate[1]"		}
,
		{
			"mesh": 53
			,"name": "Polycarbonate[1]_clonedChild"		}
,
		{
			"children": [
				82
			]
			,"matrix": [
				1.603732E-16,					-2.261524E-13,					1,					0,
				-3.543189E-16,					1,					2.261524E-13,					0,
				-1,					-3.543189E-16,					1.603732E-16,					0,
				0.1102735,					0.003,					0.3866529,					1
			]
			,"name": "Acrylic Shoulder Plate-3"		}
,
		{
			"children": [
				83
			]
			,"mesh": 56
			,"name": "Polycarbonate[2]"		}
,
		{
			"mesh": 55
			,"name": "Polycarbonate[2]_clonedChild"		}
,
		{
			"children": [
				85
			]
			,"matrix": [
				6.955101E-17,					-9.992007E-16,					1,					0,
				-2.72167E-16,					1,					9.992007E-16,					0,
				-1,					-2.72167E-16,					6.955101E-17,					0,
				0.1532735,					0.003,					0.3866529,					1
			]
			,"name": "Acrylic Shoulder Plate-4"		}
,
		{
			"children": [
				86
			]
			,"mesh": 58
			,"name": "Polycarbonate[3]"		}
,
		{
			"mesh": 57
			,"name": "Polycarbonate[3]_clonedChild"		}
,
		{
			"children": [
				88
			]
			,"matrix": [
				1,					-2.744097E-16,					3.055777E-17,					0,
				2.100325E-16,					0.6841829,					-0.7293105,					0,
				1.792228E-16,					0.7293105,					0.6841829,					0,
				0.1142735,					0.0055,					0.3766529,					1
			]
			,"name": "plain washer form a_bsi-1"		}
,
		{
			"mesh": 59
			,"name": "satin finish stainless steel-3"		}
,
		{
			"children": [
				90
			]
			,"matrix": [
				1,					-2.744097E-16,					3.055777E-17,					0,
				-2.70681E-16,					-0.9961606,					-0.08754415,					0,
				5.446341E-17,					0.08754415,					-0.9961606,					0,
				0.1142735,					0.0165,					0.3766529,					1
			]
			,"name": "plain washer form a_bsi-2"		}
,
		{
			"mesh": 60
			,"name": "satin finish stainless steel-3[1]"		}
,
		{
			"children": [
				92
			]
			,"matrix": [
				1,					-2.744097E-16,					3.055777E-17,					0,
				7.314396E-17,					0.1565654,					-0.9876676,					0,
				2.662413E-16,					0.9876676,					0.1565654,					0,
				0.1072735,					0.0055,					0.3891529,					1
			]
			,"name": "plain washer form a_bsi-3"		}
,
		{
			"mesh": 61
			,"name": "satin finish stainless steel-3[2]"		}
,
		{
			"children": [
				94
			]
			,"matrix": [
				1,					-2.744097E-16,					3.055777E-17,					0,
				2.702765E-16,					0.9502515,					-0.3114836,					0,
				5.643656E-17,					0.3114836,					0.9502515,					0,
				0.1072735,					0.0055,					0.4016528,					1
			]
			,"name": "plain washer form a_bsi-4"		}
,
		{
			"mesh": 62
			,"name": "satin finish stainless steel-3[3]"		}
,
		{
			"children": [
				96
			]
			,"matrix": [
				1,					-2.744097E-16,					3.055777E-17,					0,
				-6.466595E-17,					-0.1251724,					0.992135,					0,
				-2.684265E-16,					-0.992135,					-0.1251724,					0,
				0.1072735,					0.0165,					0.4016528,					1
			]
			,"name": "plain washer form a_bsi-5"		}
,
		{
			"mesh": 63
			,"name": "satin finish stainless steel-3[4]"		}
,
		{
			"children": [
				98
			]
			,"matrix": [
				-1,					-4.364708E-16,					2.511953E-16,					0,
				-4.845006E-16,					0.9698989,					-0.2435078,					0,
				-1.3735E-16,					-0.2435078,					-0.9698989,					0,
				0.1067735,					0.0165,					0.3891529,					1
			]
			,"name": "plain washer form a_bsi-6"		}
,
		{
			"mesh": 64
			,"name": "satin finish stainless steel-3[5]"		}
,
		{
			"children": [
				100
			]
			,"matrix": [
				-1,					2.744097E-16,					-3.055777E-17,					0,
				6.882358E-17,					0.1405532,					-0.9900731,					0,
				-2.673907E-16,					-0.9900731,					-0.1405532,					0,
				0.1142735,					0.0165,					0.4016528,					1
			]
			,"name": "plain washer form a_bsi-7"		}
,
		{
			"mesh": 65
			,"name": "satin finish stainless steel-3[6]"		}
,
		{
			"children": [
				102
			]
			,"matrix": [
				-1,					1.933348E-16,					2.72293E-16,					0,
				-3.212084E-16,					-0.7799183,					-0.6258814,					0,
				9.13616E-17,					-0.6258814,					0.7799183,					0,
				0.1142735,					0.0055,					0.4016528,					1
			]
			,"name": "plain washer form a_bsi-8"		}
,
		{
			"mesh": 66
			,"name": "satin finish stainless steel-3[7]"		}
,
		{
			"children": [
				104
			]
			,"matrix": [
				1.617395E-16,					-0.3778032,					0.9258859,					0,
				0.1824732,					-0.9103411,					-0.3714602,					0,
				0.9832108,					0.1689494,					0.06893896,					0,
				0.1732735,					0.0131157,					0.3769679,					1
			]
			,"name": "spring pin slotted_hd_bsi-1"		}
,
		{
			"mesh": 67
			,"name": "satin finish stainless steel-4"		}
,
		{
			"children": [
				106
			]
			,"matrix": [
				-1.89938E-15,					0.3778032,					-0.9258859,					0,
				0.4086083,					0.8450652,					0.3448247,					0,
				0.9127098,					-0.3783247,					-0.1543735,					0,
				0.1392735,					0.008355378,					0.3886341,					1
			]
			,"name": "spring pin slotted_hd_bsi-4"		}
,
		{
			"mesh": 68
			,"name": "satin finish stainless steel-4[1]"		}
,
		{
			"children": [
				108
			]
			,"matrix": [
				-1,					1.922578E-16,					6.026439E-17,					0,
				2.00557E-16,					0.9784638,					0.2064187,					0,
				-1.928091E-17,					0.2064187,					-0.9784638,					0,
				0.1572735,					0.0165,					0.4016528,					1
			]
			,"name": "plain washer form a_bsi-10"		}
,
		{
			"mesh": 69
			,"name": "satin finish stainless steel-3[8]"		}
,
		{
			"children": [
				110
			]
			,"matrix": [
				-1,					1.922578E-16,					6.026439E-17,					0,
				1.177627E-16,					0.3150296,					0.9490818,					0,
				1.634833E-16,					0.9490818,					-0.3150296,					0,
				0.1572735,					0.0055,					0.4016528,					1
			]
			,"name": "plain washer form a_bsi-11"		}
,
		{
			"mesh": 70
			,"name": "satin finish stainless steel-3[9]"		}
,
		{
			"children": [
				112
			]
			,"matrix": [
				-1,					9.806247E-17,					1.77361E-16,					0,
				1.612304E-16,					-0.1452993,					0.9893878,					0,
				1.227922E-16,					0.9893878,					0.1452993,					0,
				0.1642735,					0.0055,					0.3766529,					1
			]
			,"name": "plain washer form a_bsi-12"		}
,
		{
			"mesh": 71
			,"name": "satin finish stainless steel-3[10]"		}
,
		{
			"children": [
				114
			]
			,"matrix": [
				-1,					9.806247E-17,					1.77361E-16,					0,
				1.612304E-16,					-0.1452993,					0.9893878,					0,
				1.227922E-16,					0.9893878,					0.1452993,					0,
				0.1642735,					0.0055,					0.3891529,					1
			]
			,"name": "plain washer form a_bsi-13"		}
,
		{
			"mesh": 72
			,"name": "satin finish stainless steel-3[11]"		}
,
		{
			"children": [
				116
			]
			,"matrix": [
				-1,					9.806247E-17,					1.77361E-16,					0,
				1.612304E-16,					-0.1452993,					0.9893878,					0,
				1.227922E-16,					0.9893878,					0.1452993,					0,
				0.1642735,					0.0165,					0.3766529,					1
			]
			,"name": "plain washer form a_bsi-14"		}
,
		{
			"mesh": 73
			,"name": "satin finish stainless steel-3[12]"		}
,
		{
			"children": [
				118
			]
			,"matrix": [
				-1,					-3.112569E-17,					6.384776E-18,					0,
				2.520863E-17,					-0.899516,					-0.4368877,					0,
				1.934164E-17,					-0.4368877,					0.899516,					0,
				0.1212735,					0.0055,					0.3766529,					1
			]
			,"name": "plain washer form a_bsi-15"		}
,
		{
			"mesh": 74
			,"name": "satin finish stainless steel-3[13]"		}
,
		{
			"children": [
				120
			]
			,"matrix": [
				-1,					-3.112569E-17,					6.384776E-18,					0,
				-3.086336E-17,					0.9992916,					0.03763402,					0,
				-7.551638E-18,					0.03763402,					-0.9992916,					0,
				0.1212735,					0.0055,					0.3891529,					1
			]
			,"name": "plain washer form a_bsi-16"		}
,
		{
			"mesh": 75
			,"name": "satin finish stainless steel-3[14]"		}
,
		{
			"children": [
				122
			]
			,"matrix": [
				-1,					2.744097E-16,					-3.055777E-17,					0,
				7.010503E-17,					0.1452993,					-0.9893878,					0,
				-2.670576E-16,					-0.9893878,					-0.1452993,					0,
				0.1642735,					0.0165,					0.3891529,					1
			]
			,"name": "plain washer form a_bsi-17"		}
,
		{
			"mesh": 76
			,"name": "satin finish stainless steel-3[15]"		}
,
		{
			"children": [
				124
			]
			,"matrix": [
				-1,					2.744097E-16,					-3.055777E-17,					0,
				7.010503E-17,					0.1452993,					-0.9893878,					0,
				-2.670576E-16,					-0.9893878,					-0.1452993,					0,
				0.1212735,					0.0165,					0.3891529,					1
			]
			,"name": "plain washer form a_bsi-18"		}
,
		{
			"mesh": 77
			,"name": "satin finish stainless steel-3[16]"		}
,
		{
			"children": [
				126
			]
			,"matrix": [
				1,					-2.744097E-16,					3.055777E-17,					0,
				2.735907E-16,					0.9698989,					-0.2435078,					0,
				3.718296E-17,					0.2435078,					0.9698989,					0,
				0.1217735,					0.0165,					0.3766529,					1
			]
			,"name": "plain washer form a_bsi-19"		}
,
		{
			"mesh": 78
			,"name": "satin finish stainless steel-3[17]"		}
,
		{
			"children": [
				128
			]
			,"matrix": [
				1,					-2.744097E-16,					3.055777E-17,					0,
				2.735907E-16,					0.9698989,					-0.2435078,					0,
				3.718296E-17,					0.2435078,					0.9698989,					0,
				0.1572735,					0.0055,					0.3766529,					1
			]
			,"name": "plain washer form a_bsi-22"		}
,
		{
			"mesh": 79
			,"name": "satin finish stainless steel-3[18]"		}
,
		{
			"children": [
				130
			]
			,"matrix": [
				1,					-2.744097E-16,					3.055777E-17,					0,
				2.735907E-16,					0.9698989,					-0.2435078,					0,
				3.718296E-17,					0.2435078,					0.9698989,					0,
				0.1572735,					0.0165,					0.3766529,					1
			]
			,"name": "plain washer form a_bsi-23"		}
,
		{
			"mesh": 80
			,"name": "satin finish stainless steel-3[19]"		}
,
		{
			"children": [
				132
			]
			,"matrix": [
				1,					-2.744097E-16,					3.055777E-17,					0,
				2.735907E-16,					0.9698989,					-0.2435078,					0,
				3.718296E-17,					0.2435078,					0.9698989,					0,
				0.1502735,					0.0055,					0.3891529,					1
			]
			,"name": "plain washer form a_bsi-24"		}
,
		{
			"mesh": 81
			,"name": "satin finish stainless steel-3[20]"		}
,
		{
			"children": [
				134
			]
			,"matrix": [
				1,					-2.744097E-16,					3.055777E-17,					0,
				-1.36821E-16,					-0.5886239,					-0.808407,					0,
				2.398217E-16,					0.808407,					-0.5886239,					0,
				0.1502735,					0.0055,					0.4016528,					1
			]
			,"name": "plain washer form a_bsi-25"		}
,
		{
			"mesh": 82
			,"name": "satin finish stainless steel-3[21]"		}
,
		{
			"children": [
				136
			]
			,"matrix": [
				1,					-2.744097E-16,					3.055777E-17,					0,
				2.735907E-16,					0.9698989,					-0.2435078,					0,
				3.718296E-17,					0.2435078,					0.9698989,					0,
				0.1502735,					0.0165,					0.4016528,					1
			]
			,"name": "plain washer form a_bsi-26"		}
,
		{
			"mesh": 83
			,"name": "satin finish stainless steel-3[22]"		}
,
		{
			"children": [
				138
			]
			,"matrix": [
				1,					-2.744097E-16,					3.055777E-17,					0,
				2.735907E-16,					0.9698989,					-0.2435078,					0,
				3.718296E-17,					0.2435078,					0.9698989,					0,
				0.1502735,					0.0165,					0.3891529,					1
			]
			,"name": "plain washer form a_bsi-27"		}
,
		{
			"mesh": 84
			,"name": "satin finish stainless steel-3[23]"		}
,
		{
			"children": [
				140
			]
			,"matrix": [
				-3.718296E-17,					-0.2435078,					-0.9698989,					0,
				2.735907E-16,					0.9698989,					-0.2435078,					0,
				1,					-2.744097E-16,					3.055777E-17,					0,
				0.1171735,					0.0165,					0.4016528,					1
			]
			,"name": "hex nut style 1 gradeab_bsi-1"		}
,
		{
			"mesh": 85
			,"name": "satin finish stainless steel-5"		}
,
		{
			"children": [
				142
			]
			,"matrix": [
				-3.111752E-16,					-0.2435078,					-0.9698989,					0,
				1.212097E-16,					0.9698989,					-0.2435078,					0,
				1,					-1.933348E-16,					-2.72293E-16,					0,
				0.1171735,					0.0055,					0.4016528,					1
			]
			,"name": "hex nut style 1 gradeab_bsi-2"		}
,
		{
			"mesh": 86
			,"name": "satin finish stainless steel-5[1]"		}
,
		{
			"children": [
				144
			]
			,"matrix": [
				6.31413E-17,					0.119539,					-0.9928295,					0,
				2.687892E-16,					0.9928295,					0.119539,					0,
				1,					-2.744097E-16,					3.055777E-17,					0,
				0.1241735,					0.0165,					0.3891529,					1
			]
			,"name": "hex nut style 1 gradeab_bsi-3"		}
,
		{
			"mesh": 87
			,"name": "satin finish stainless steel-5[2]"		}
,
		{
			"children": [
				146
			]
			,"matrix": [
				1.386762E-18,					-0.2435078,					-0.9698989,					0,
				-3.174352E-17,					0.9698989,					-0.2435078,					0,
				1,					3.112569E-17,					-6.384776E-18,					0,
				0.1241735,					0.0055,					0.3891529,					1
			]
			,"name": "hex nut style 1 gradeab_bsi-4"		}
,
		{
			"mesh": 88
			,"name": "satin finish stainless steel-5[3]"		}
,
		{
			"children": [
				148
			]
			,"matrix": [
				-3.718296E-17,					-0.2435078,					-0.9698989,					0,
				2.735907E-16,					0.9698989,					-0.2435078,					0,
				1,					-2.744097E-16,					3.055777E-17,					0,
				0.1241735,					0.0165,					0.3766529,					1
			]
			,"name": "hex nut style 1 gradeab_bsi-5"		}
,
		{
			"mesh": 89
			,"name": "satin finish stainless steel-5[4]"		}
,
		{
			"children": [
				150
			]
			,"matrix": [
				1.386762E-18,					-0.2435078,					-0.9698989,					0,
				-3.174352E-17,					0.9698989,					-0.2435078,					0,
				1,					3.112569E-17,					-6.384776E-18,					0,
				0.1241735,					0.0055,					0.3766529,					1
			]
			,"name": "hex nut style 1 gradeab_bsi-6"		}
,
		{
			"mesh": 90
			,"name": "satin finish stainless steel-5[5]"		}
,
		{
			"children": [
				152
			]
			,"matrix": [
				-1.959013E-16,					-0.2435078,					-0.9698989,					0,
				5.192189E-17,					0.9698989,					-0.2435078,					0,
				1,					-9.806247E-17,					-1.77361E-16,					0,
				0.1671735,					0.0165,					0.3766529,					1
			]
			,"name": "hex nut style 1 gradeab_bsi-7"		}
,
		{
			"mesh": 91
			,"name": "satin finish stainless steel-5[6]"		}
,
		{
			"children": [
				154
			]
			,"matrix": [
				-1.959013E-16,					-0.2435078,					-0.9698989,					0,
				5.192189E-17,					0.9698989,					-0.2435078,					0,
				1,					-9.806247E-17,					-1.77361E-16,					0,
				0.1671735,					0.0055,					0.3766529,					1
			]
			,"name": "hex nut style 1 gradeab_bsi-8"		}
,
		{
			"mesh": 92
			,"name": "satin finish stainless steel-5[7]"		}
,
		{
			"children": [
				156
			]
			,"matrix": [
				-3.718296E-17,					-0.2435078,					-0.9698989,					0,
				2.735907E-16,					0.9698989,					-0.2435078,					0,
				1,					-2.744097E-16,					3.055777E-17,					0,
				0.1671735,					0.0165,					0.3891529,					1
			]
			,"name": "hex nut style 1 gradeab_bsi-9"		}
,
		{
			"mesh": 93
			,"name": "satin finish stainless steel-5[8]"		}
,
		{
			"children": [
				158
			]
			,"matrix": [
				-1.959013E-16,					-0.2435078,					-0.9698989,					0,
				5.192189E-17,					0.9698989,					-0.2435078,					0,
				1,					-9.806247E-17,					-1.77361E-16,					0,
				0.1671735,					0.0055,					0.3891529,					1
			]
			,"name": "hex nut style 1 gradeab_bsi-10"		}
,
		{
			"mesh": 94
			,"name": "satin finish stainless steel-5[9]"		}
,
		{
			"children": [
				160
			]
			,"matrix": [
				-1.052666E-16,					-0.2435078,					-0.9698989,					0,
				1.717958E-16,					0.9698989,					-0.2435078,					0,
				1,					-1.922578E-16,					-6.026439E-17,					0,
				0.1601735,					0.0165,					0.4016528,					1
			]
			,"name": "hex nut style 1 gradeab_bsi-11"		}
,
		{
			"mesh": 95
			,"name": "satin finish stainless steel-5[10]"		}
,
		{
			"children": [
				162
			]
			,"matrix": [
				-1.052666E-16,					-0.2435078,					-0.9698989,					0,
				1.717958E-16,					0.9698989,					-0.2435078,					0,
				1,					-1.922578E-16,					-6.026439E-17,					0,
				0.1601735,					0.0055,					0.4016528,					1
			]
			,"name": "hex nut style 1 gradeab_bsi-12"		}
,
		{
			"mesh": 96
			,"name": "satin finish stainless steel-5[11]"		}
,
		{
			"children": [
				164
			]
			,"matrix": [
				1.315082E-16,					-1.110223E-16,					-1,					0,
				2.490646E-16,					1,					-1.110223E-16,					0,
				1,					-2.490646E-16,					1.315082E-16,					0,
				0.1092735,					3.490831E-16,					0.2276529,					1
			]
			,"name": "bearing housing-10"		}
,
		{
			"mesh": 97
			,"name": "satin finish stainless steel[3]"		}
,
		{
			"children": [
				166
			]
			,"matrix": [
				6.20548E-17,					1.110223E-16,					-1,					0,
				8.21519E-17,					1,					1.110223E-16,					0,
				1,					-8.21519E-17,					6.20548E-17,					0,
				0.1522735,					3.417405E-16,					0.2276529,					1
			]
			,"name": "bearing housing-11"		}
,
		{
			"mesh": 98
			,"name": "satin finish stainless steel[4]"		}
,
		{
			"children": [
				168
			]
			,"matrix": [
				1,					-2.744097E-16,					3.055777E-17,					0,
				2.735907E-16,					0.9698989,					-0.2435078,					0,
				3.718296E-17,					0.2435078,					0.9698989,					0,
				0.1532735,					0.011,					0.3961529,					1
			]
			,"name": "_L_1060ZZ_ir_2-1"		}
,
		{
			"mesh": 99
			,"name": "color-3"		}
,
		{
			"children": [
				170
			]
			,"matrix": [
				-1,					2.744097E-16,					-3.055777E-17,					0,
				-2.735907E-16,					-0.9698989,					0.2435078,					0,
				3.718296E-17,					0.2435078,					0.9698989,					0,
				0.1562735,					0.011,					0.3961529,					1
			]
			,"name": "_L_1060ZZ_cage_4-1"		}
,
		{
			"mesh": 100
			,"name": "color-4"		}
,
		{
			"children": [
				172
			]
			,"matrix": [
				-3.718296E-17,					-0.2435078,					-0.9698989,					0,
				2.735907E-16,					0.9698989,					-0.2435078,					0,
				1,					-2.744097E-16,					3.055777E-17,					0,
				0.1547735,					0.007120404,					0.3971269,					1
			]
			,"name": "_L_1060ZZ_ball_6-1"		}
,
		{
			"mesh": 101
			,"name": "color-5"		}
,
		{
			"children": [
				174
			]
			,"matrix": [
				-3.718296E-17,					-0.2435078,					-0.9698989,					0,
				2.735907E-16,					0.9698989,					-0.2435078,					0,
				1,					-2.744097E-16,					3.055777E-17,					0,
				0.1547735,					0.008654152,					0.3993928,					1
			]
			,"name": "_L_1060ZZ_ball_6-2"		}
,
		{
			"mesh": 102
			,"name": "color-5[1]"		}
,
		{
			"children": [
				176
			]
			,"matrix": [
				-3.718296E-17,					-0.2435078,					-0.9698989,					0,
				2.735907E-16,					0.9698989,					-0.2435078,					0,
				1,					-2.744097E-16,					3.055777E-17,					0,
				0.1547735,					0.01128555,					0.4001426,					1
			]
			,"name": "_L_1060ZZ_ball_6-3"		}
,
		{
			"mesh": 103
			,"name": "color-5[2]"		}
,
		{
			"children": [
				178
			]
			,"matrix": [
				-3.718296E-17,					-0.2435078,					-0.9698989,					0,
				2.735907E-16,					0.9698989,					-0.2435078,					0,
				1,					-2.744097E-16,					3.055777E-17,					0,
				0.1547735,					0.01378333,					0.3990257,					1
			]
			,"name": "_L_1060ZZ_ball_6-4"		}
,
		{
			"mesh": 104
			,"name": "color-5[3]"		}
,
		{
			"children": [
				180
			]
			,"matrix": [
				-3.718296E-17,					-0.2435078,					-0.9698989,					0,
				2.735907E-16,					0.9698989,					-0.2435078,					0,
				1,					-2.744097E-16,					3.055777E-17,					0,
				0.1547735,					0.01497877,					0.3965645,					1
			]
			,"name": "_L_1060ZZ_ball_6-5"		}
,
		{
			"mesh": 105
			,"name": "color-5[4]"		}
,
		{
			"children": [
				182
			]
			,"matrix": [
				-3.718296E-17,					-0.2435078,					-0.9698989,					0,
				2.735907E-16,					0.9698989,					-0.2435078,					0,
				1,					-2.744097E-16,					3.055777E-17,					0,
				0.1547735,					0.01431249,					0.3939107,					1
			]
			,"name": "_L_1060ZZ_ball_6-6"		}
,
		{
			"mesh": 106
			,"name": "color-5[5]"		}
,
		{
			"children": [
				184
			]
			,"matrix": [
				-3.718296E-17,					-0.2435078,					-0.9698989,					0,
				2.735907E-16,					0.9698989,					-0.2435078,					0,
				1,					-2.744097E-16,					3.055777E-17,					0,
				0.1547735,					0.01209626,					0.392306,					1
			]
			,"name": "_L_1060ZZ_ball_6-7"		}
,
		{
			"mesh": 107
			,"name": "color-5[6]"		}
,
		{
			"children": [
				186
			]
			,"matrix": [
				-3.718296E-17,					-0.2435078,					-0.9698989,					0,
				2.735907E-16,					0.9698989,					-0.2435078,					0,
				1,					-2.744097E-16,					3.055777E-17,					0,
				0.1547735,					0.009367081,					0.3925014,					1
			]
			,"name": "_L_1060ZZ_ball_6-8"		}
,
		{
			"mesh": 108
			,"name": "color-5[7]"		}
,
		{
			"children": [
				188
			]
			,"matrix": [
				-3.718296E-17,					-0.2435078,					-0.9698989,					0,
				2.735907E-16,					0.9698989,					-0.2435078,					0,
				1,					-2.744097E-16,					3.055777E-17,					0,
				0.1547735,					0.007401962,					0.3944052,					1
			]
			,"name": "_L_1060ZZ_ball_6-9"		}
,
		{
			"mesh": 109
			,"name": "color-5[8]"		}
,
		{
			"children": [
				190
			]
			,"matrix": [
				-1,					2.744097E-16,					-3.055777E-17,					0,
				-2.735907E-16,					-0.9698989,					0.2435078,					0,
				3.718296E-17,					0.2435078,					0.9698989,					0,
				0.1562735,					0.011,					0.3961529,					1
			]
			,"name": "_L_1060ZZ_or_16-1"		}
,
		{
			"mesh": 110
			,"name": "color-6"		}
,
		{
			"children": [
				192
			]
			,"matrix": [
				1,					5.319069E-17,					-6.048971E-17,					0,
				-7.392216E-17,					0.9043145,					-0.4268669,					0,
				3.199638E-17,					0.4268669,					0.9043145,					0,
				0.1102735,					0.011,					0.3961529,					1
			]
			,"name": "_L_1060ZZ_ir_2-1 2"		}
,
		{
			"mesh": 111
			,"name": "color-3[1]"		}
,
		{
			"children": [
				194
			]
			,"matrix": [
				-1,					-5.319069E-17,					6.048971E-17,					0,
				7.392216E-17,					-0.9043145,					0.4268669,					0,
				3.199638E-17,					0.4268669,					0.9043145,					0,
				0.1132735,					0.011,					0.3961529,					1
			]
			,"name": "_L_1060ZZ_cage_4-1 2"		}
,
		{
			"mesh": 112
			,"name": "color-4[1]"		}
,
		{
			"children": [
				196
			]
			,"matrix": [
				-3.199638E-17,					-0.4268669,					-0.9043145,					0,
				-7.392216E-17,					0.9043145,					-0.4268669,					0,
				1,					5.319069E-17,					-6.048971E-17,					0,
				0.1117735,					0.007382742,					0.3978603,					1
			]
			,"name": "_L_1060ZZ_ball_6-1 2"		}
,
		{
			"mesh": 113
			,"name": "color-5[9]"		}
,
		{
			"children": [
				198
			]
			,"matrix": [
				-3.199638E-17,					-0.4268669,					-0.9043145,					0,
				-7.392216E-17,					0.9043145,					-0.4268669,					0,
				1,					5.319069E-17,					-6.048971E-17,					0,
				0.1117735,					0.009326559,					0.399786,					1
			]
			,"name": "_L_1060ZZ_ball_6-2 2"		}
,
		{
			"mesh": 114
			,"name": "color-5[10]"		}
,
		{
			"children": [
				200
			]
			,"matrix": [
				-3.199638E-17,					-0.4268669,					-0.9043145,					0,
				-7.392216E-17,					0.9043145,					-0.4268669,					0,
				1,					5.319069E-17,					-6.048971E-17,					0,
				0.1117735,					0.0120534,					0.4000117,					1
			]
			,"name": "_L_1060ZZ_ball_6-3 2"		}
,
		{
			"mesh": 115
			,"name": "color-5[11]"		}
,
		{
			"children": [
				202
			]
			,"matrix": [
				-3.199638E-17,					-0.4268669,					-0.9043145,					0,
				-7.392216E-17,					0.9043145,					-0.4268669,					0,
				1,					5.319069E-17,					-6.048971E-17,					0,
				0.1117735,					0.01428734,					0.3984317,					1
			]
			,"name": "_L_1060ZZ_ball_6-4 2"		}
,
		{
			"mesh": 116
			,"name": "color-5[12]"		}
,
		{
			"children": [
				204
			]
			,"matrix": [
				-3.199638E-17,					-0.4268669,					-0.9043145,					0,
				-7.392216E-17,					0.9043145,					-0.4268669,					0,
				1,					5.319069E-17,					-6.048971E-17,					0,
				0.1117735,					0.0149831,					0.3957855,					1
			]
			,"name": "_L_1060ZZ_ball_6-5 2"		}
,
		{
			"mesh": 117
			,"name": "color-5[13]"		}
,
		{
			"children": [
				206
			]
			,"matrix": [
				-3.199638E-17,					-0.4268669,					-0.9043145,					0,
				-7.392216E-17,					0.9043145,					-0.4268669,					0,
				1,					5.319069E-17,					-6.048971E-17,					0,
				0.1117735,					0.01381512,					0.3933112,					1
			]
			,"name": "_L_1060ZZ_ball_6-6 2"		}
,
		{
			"mesh": 118
			,"name": "color-5[14]"		}
,
		{
			"children": [
				208
			]
			,"matrix": [
				-3.199638E-17,					-0.4268669,					-0.9043145,					0,
				-7.392216E-17,					0.9043145,					-0.4268669,					0,
				1,					5.319069E-17,					-6.048971E-17,					0,
				0.1117735,					0.01132992,					0.3921665,					1
			]
			,"name": "_L_1060ZZ_ball_6-7 2"		}
,
		{
			"mesh": 119
			,"name": "color-5[15]"		}
,
		{
			"children": [
				210
			]
			,"matrix": [
				-3.199638E-17,					-0.4268669,					-0.9043145,					0,
				-7.392216E-17,					0.9043145,					-0.4268669,					0,
				1,					5.319069E-17,					-6.048971E-17,					0,
				0.1117735,					0.008690342,					0.3928871,					1
			]
			,"name": "_L_1060ZZ_ball_6-8 2"		}
,
		{
			"mesh": 120
			,"name": "color-5[16]"		}
,
		{
			"children": [
				212
			]
			,"matrix": [
				-3.199638E-17,					-0.4268669,					-0.9043145,					0,
				-7.392216E-17,					0.9043145,					-0.4268669,					0,
				1,					5.319069E-17,					-6.048971E-17,					0,
				0.1117735,					0.007131481,					0.3951357,					1
			]
			,"name": "_L_1060ZZ_ball_6-9 2"		}
,
		{
			"mesh": 121
			,"name": "color-5[17]"		}
,
		{
			"children": [
				214
			]
			,"matrix": [
				-1,					-5.319069E-17,					6.048971E-17,					0,
				7.392216E-17,					-0.9043145,					0.4268669,					0,
				3.199638E-17,					0.4268669,					0.9043145,					0,
				0.1132735,					0.011,					0.3961529,					1
			]
			,"name": "_L_1060ZZ_or_16-1 2"		}
,
		{
			"mesh": 122
			,"name": "color-6[1]"		}
,
		{
			"children": [
				216
			]
			,"matrix": [
				1,					7.010731E-16,					-3.892416E-16,					0,
				-7.8377E-16,					0.957122,					-0.289685,					0,
				1.694613E-16,					0.289685,					0.957122,					0,
				0.1152735,					0.011,					0.3821529,					1
			]
			,"name": "_L_1060ZZ_ir_2-1 3"		}
,
		{
			"mesh": 123
			,"name": "color-3[2]"		}
,
		{
			"children": [
				218
			]
			,"matrix": [
				-1,					-7.010731E-16,					3.892416E-16,					0,
				7.8377E-16,					-0.957122,					0.289685,					0,
				1.694613E-16,					0.289685,					0.957122,					0,
				0.1182735,					0.011,					0.3821529,					1
			]
			,"name": "_L_1060ZZ_cage_4-1 3"		}
,
		{
			"mesh": 124
			,"name": "color-4[2]"		}
,
		{
			"children": [
				220
			]
			,"matrix": [
				-1.694613E-16,					-0.289685,					-0.957122,					0,
				-7.8377E-16,					0.957122,					-0.289685,					0,
				1,					7.010731E-16,					-3.892416E-16,					0,
				0.1167735,					0.007171512,					0.3833116,					1
			]
			,"name": "_L_1060ZZ_ball_6-1 3"		}
,
		{
			"mesh": 125
			,"name": "color-5[18]"		}
,
		{
			"children": [
				222
			]
			,"matrix": [
				-1.694613E-16,					-0.289685,					-0.957122,					0,
				-7.8377E-16,					0.957122,					-0.289685,					0,
				1,					7.010731E-16,					-3.892416E-16,					0,
				0.1167735,					0.008812032,					0.3855014,					1
			]
			,"name": "_L_1060ZZ_ball_6-2 3"		}
,
		{
			"mesh": 126
			,"name": "color-5[19]"		}
,
		{
			"children": [
				224
			]
			,"matrix": [
				-1.694613E-16,					-0.289685,					-0.957122,					0,
				-7.8377E-16,					0.957122,					-0.289685,					0,
				1,					7.010731E-16,					-3.892416E-16,					0,
				0.1167735,					0.01147633,					0.3861244,					1
			]
			,"name": "_L_1060ZZ_ball_6-3 3"		}
,
		{
			"mesh": 127
			,"name": "color-5[20]"		}
,
		{
			"children": [
				226
			]
			,"matrix": [
				-1.694613E-16,					-0.289685,					-0.957122,					0,
				-7.8377E-16,					0.957122,					-0.289685,					0,
				1,					7.010731E-16,					-3.892416E-16,					0,
				0.1167735,					0.01391774,					0.3848891,					1
			]
			,"name": "_L_1060ZZ_ball_6-4 3"		}
,
		{
			"mesh": 128
			,"name": "color-5[21]"		}
,
		{
			"children": [
				228
			]
			,"matrix": [
				-1.694613E-16,					-0.289685,					-0.957122,					0,
				-7.8377E-16,					0.957122,					-0.289685,					0,
				1,					7.010731E-16,					-3.892416E-16,					0,
				0.1167735,					0.01499391,					0.3823734,					1
			]
			,"name": "_L_1060ZZ_ball_6-5 3"		}
,
		{
			"mesh": 129
			,"name": "color-5[22]"		}
,
		{
			"children": [
				230
			]
			,"matrix": [
				-1.694613E-16,					-0.289685,					-0.957122,					0,
				-7.8377E-16,					0.957122,					-0.289685,					0,
				1,					7.010731E-16,					-3.892416E-16,					0,
				0.1167735,					0.01420129,					0.3797546,					1
			]
			,"name": "_L_1060ZZ_ball_6-6 3"		}
,
		{
			"mesh": 130
			,"name": "color-5[23]"		}
,
		{
			"children": [
				232
			]
			,"matrix": [
